	1	|	Kæmpestor 32	|	2650	|	False	|	110	|	9000000	|		|		|	2	|	3	|	
	2	|	Someway 16	|	9000	|	False	|	110	|	3000000	|		|		|	2	|	4	|	
	3	|	Over 7	|	8800	|	False	|	100	|	1000000	|		|		|	2	|	5	|	
	4	|	The 41	|	8700	|	False	|	160	|	1000000	|		|		|	2	|	6	|	
	5	|	Rainbow 4	|	7323	|	False	|	130	|	2000000	|		|		|	2	|	1	|	
	6	|	Wassup 25	|	7300	|	False	|	60	|	3000000	|		|		|	2	|	2	|	
	7	|	Kommernu 30	|	7190	|	False	|	177	|	4000000	|		|		|	2	|	3	|	
	8	|	Hvorfra Vej 21	|	7120	|	False	|	150	|	5000000	|		|		|	2	|	4	|	
	9	|	Munkegade 118	|	6980	|	False	|	80	|	6000000	|		|		|	2	|	5	|	
	10	|	Klarsynsgade 121	|	6400	|	False	|	70	|	7000000	|		|		|	2	|	6	|	
	11	|	Over Jyden 130	|	2650	|	True	|	110	|	1000000	|	895000	|	01-12-2021 00:00:00	|	2	|	3	|	2
	12	|	Klippersten 65	|	9000	|	True	|	110	|	2000000	|	1900000	|	01-12-2021 00:00:00	|	2	|	4	|	3
	13	|	Harry Vej 14	|	8800	|	True	|	100	|	3000000	|	2900000	|	01-12-2021 00:00:00	|	2	|	5	|	3
	14	|	Dum Dum Vej 50	|	8700	|	True	|	160	|	4000000	|	3900000	|	01-12-2021 00:00:00	|	2	|	6	|	4
	15	|	Regnbue 68	|	7323	|	True	|	130	|	5000000	|	5500000	|	01-12-2021 00:00:00	|	2	|	1	|	5
	16	|	Pæn Vej 25	|	7300	|	True	|	60	|	6000000	|	6000000	|	01-12-2021 00:00:00	|	2	|	2	|	4
	17	|	Grim Vej 30	|	7190	|	True	|	177	|	7000000	|	6500000	|	01-12-2021 00:00:00	|	2	|	3	|	2
	18	|	Jeganerdetikke 21	|	7120	|	True	|	150	|	8000000	|	7600000	|	01-12-2021 00:00:00	|	2	|	4	|	4
	19	|	Farout 40	|	6980	|	True	|	80	|	9000000	|	8700000	|	01-12-2021 00:00:00	|	2	|	5	|	3
	20	|	Tomhjerne 20	|	6400	|	True	|	70	|	1000000	|	900000	|	01-12-2021 00:00:00	|	2	|	6	|	2
